
2.888077849660145
5.857078493979633
5.941580898695447
9.234472609689336
1.8302343133374532
2.1437465391988018
3.096777879235442
5.738785993229834
2.974822724217934
4.5906584712946925
3.3921650427166607
5.301888815342466
4.122747799868595
4.2260454880978235
4.682904155242178
7.070683687530041
2.0879157673050552
3.6369524915227505
3.735902054064283
7.675210478925011
2.409338523967209
5.784821213265088
6.806394846547053
8.617975484828559
3.706476326797273
4.155254887817734
7.130597324234613
6.934782409276241
2.642525838284746
3.185565940095618
5.7262631769492165
9.03788555771386
3.670387974234729
5.470969681997346
7.739163861327633
6.699275917139732
2.9040552120070307
2.8134062777017195
5.4697401057002955
11.716549129791796
6.277742410071862
6.3709904494559
10.369089265762407
10.716967990291465
4.113036308574847
9.25707034715387
6.443619813072185
8.422175396435026
3.0813896859668537
4.85491349845867
8.262317032786767
6.733008546597962
3.7077213657740424
5.44966587878157
10.041244988007493
9.546523777407975
2.4096055086385655
5.9513419108063506
10.290017105107582
11.598220803075813
4.797864232207825
7.764298857731556
7.43492107159911
12.913495065986773
4.270087304539429
7.976642897026862
9.28242003615521
11.756107678385288
4.458992029392799
8.749219667104793
12.049805363804378
10.440142860066086
8.061948129461634
9.39028033452246
10.415433022910968
11.666141608711538
6.224144962207339
10.229477359038755
9.35880669221759
16.11115270300134
2.0372560095970216
6.8998959271827545
6.092796512001133
10.821522366971852
3.432376015545257
4.849959736735468
8.97588309066531
12.911831060966792
3.7731213105870203
4.817976328801852
11.403153892033021
10.019412194164449
4.163570177121582
7.072577267316238
11.848920085619827
13.150231565084297
4.869884312407294
9.586242963499561
7.955480331595467
12.279201792732149
5.058558846544408
7.824027290564659
12.049889015051816
14.883885286940286
4.302906914761079
6.522305070760206
14.410817236027196
15.440369226301291
5.51842988829617
11.032918030837399
10.418864476280683
16.47996530294361
6.478420069166635
8.179955855337385
20.164381183047933
15.067416478973698
4.5043125961172725
8.728993331033205
9.050389897792343
19.741187997755986
3.734012017544892
7.593641913961246
10.999147730080429
11.847091204352264
5.79372137359955
6.524328524563557
12.972548691729845
13.996937692494521
5.462551960359763
10.244428786456595
11.426659279822028
14.500420213310226
4.378282626275124
8.988893217947027
19.68488152690416
10.150771712376379
4.382146716376777
10.177085896601502
14.356261860305874
17.28556129417474
7.901465329685347
10.147443176951256
8.830942186120506
15.370975846435632
5.396285706088223
10.664106325846298
13.836621346789167
20.714758694605788
4.639059015991201
10.999035209110131
10.67260733176986
14.2277858572303
5.5994329243958365
12.121866557571225
12.16004660463157
18.92855320864168
4.710582678487376
10.220134562358774
13.644528657093293
14.507164865650422
6.868404623727036
8.053533139250261
13.589657707168364
24.296877470612753
5.91960471758675
7.159357072843443
19.205478128842753
17.385062667496143
6.652615657783922
14.103042882211096
11.000961247038518
18.543350444221414
5.766891750446206
8.90849981641003
13.059873660664202
11.783267341680217
6.22960626635058
14.193762248776137
14.137779378666183
18.915088355984228
7.080446416968584
10.175557584677865
12.36085779576127
19.494986539428954
8.659942610987006
12.17739526963768
10.174520622779088
27.64735647731932
6.54898771292088
11.55075935936477
13.79273036176815
23.101940273433733
6.107813904997308
11.514408842947383
11.2307753227673
18.907573037228495
6.675856881125242
4.935298770244075
16.181186830526084
16.28989234204089
8.784882056081234
10.887637926527097
21.514447763898264
11.602837442909616
9.101119088057134
15.56226024657515
22.10584170148139
29.99200556106586
9.101119088057134
15.56226024657515
22.10584170148139
29.99200556106586
